[37.618651, -122.381001]
[33.943999, -118.402533]
[34.047461, -118.249586]
[33.9425, -118.408056]
[33.978262, -118.184339]
[34.855432, -117.131433]
[34.062268, -118.969822]
[33.939954, -118.408269]
[34.161469, -118.439942]
[37.618651, -122.381001]
[37.618651, -122.381001]
[34.092461, -118.326778]
[34.199478, -118.174198]
[33.943894, -118.405023]
[34.0543, -118.2467]
[33.943894, -118.405023]
[37.618651, -122.381001]
[37.618651, -122.381001]
[33.929117, -118.33219]
[33.837271, -117.884674]
[37.618651, -122.381001]
[34.090864, -118.347692]
[33.943999, -118.402533]
[33.943894, -118.405023]
[33.943999, -118.402533]
[33.943999, -118.402533]
[33.943894, -118.405023]
[34.05161, -118.245335]
[34.193459, -118.64283]
[33.816029, -118.379349]
[37.618651, -122.381001]
[34.062072, -118.281801]
[37.614834, -122.386677]
[33.99569, -118.458152]
[33.943894, -118.405023]
[34.209477, -118.396036]
[37.619065, -122.384404]
[37.618651, -122.381001]
[33.927809, -118.369381]
[34.000452, -118.245926]
[33.943999, -118.402533]
[37.614834, -122.386677]
[33.951485, -118.408438]
[38.692276, -121.590457]
[37.618651, -122.381001]
[37.618651, -122.381001]
[34.047646, -118.338693]
[34.01837, -118.491472]
[34.05663, -118.429451]
[37.614834, -122.386677]
[34.246151, -118.562682]
[37.618651, -122.381001]
[34.028736, -118.406794]
[33.942495, -118.40661]
[37.618651, -122.381001]
[33.943999, -118.402533]
[33.943894, -118.405023]
[33.83503, -118.272719]
[34.205575, -118.451842]
[37.620094, -122.388264]
[33.980963, -118.394775]
[37.616201, -122.387838]
[33.943894, -118.405023]
[37.616976, -122.383894]
[33.943999, -118.402533]
[33.43405, -117.139702]
[37.618651, -122.381001]
[37.618651, -122.381001]
[33.942528, -118.403497]
[33.943894, -118.405023]
[37.618651, -122.381001]
[37.619055, -122.384408]
[34.061312, -118.274014]
[33.884449, -117.881785]
[33.943894, -118.405023]
[34.175715, -118.371536]
[33.941549, -118.401393]
[34.141268, -118.136311]
[37.615913, -122.387472]
[33.951257, -118.041511]
[34.015279, -118.351145]
[33.812276, -117.914831]
[33.943526, -118.408753]
[33.940706, -118.401786]
[37.618651, -122.381001]
[33.943894, -118.405023]
[33.79215, -118.195983]
[33.818274, -118.14496]
[33.941438, -118.398844]
[33.93551, -118.377807]
[34.214892, -118.488159]
[33.819492, -118.145722]
[33.819163, -118.145717]
[37.614834, -122.386677]
[34.214873, -118.488231]
[33.813146, -117.918954]
[33.935075, -118.395874]
[37.614834, -122.386677]
[34.048428, -118.252005]
[33.942809, -118.412227]
[33.985194, -118.472108]
[33.943999, -118.402533]
[33.818624, -118.145998]
[33.817087, -118.14394]
[37.618651, -122.381001]
[34.053473, -118.351983]
[34.009807, -118.496714]
[32.835086, -116.88788]
[33.943894, -118.405023]
[34.079338, -118.379755]
[37.614834, -122.386677]
[34.0392, -118.377216]
[33.850138, -118.169334]
[34.064927, -118.398848]
[37.618651, -122.381001]
[33.943894, -118.405023]
[33.943999, -118.402533]
[33.943999, -118.402533]
[37.618651, -122.381001]
[33.979152, -117.634593]
[33.943894, -118.405023]
[37.613882, -122.383619]
[37.618651, -122.381001]
[33.943894, -118.405023]
[33.943894, -118.405023]
[37.620665, -122.386968]
[33.943999, -118.402533]
[34.094674, -118.348512]
[33.939469, -118.403314]
[37.618651, -122.381001]
[33.947365, -118.40128]
[37.618651, -122.381001]
[37.620002, -122.384608]
[34.157738, -118.634694]
[33.943894, -118.405023]
[37.618651, -122.381001]
[34.03994, -118.433546]
[34.180081, -118.420233]
[33.943999, -118.402533]
[34.102754, -118.338702]
[33.943894, -118.405023]
[34.040057, -118.43352]
[33.943894, -118.405023]
[33.943999, -118.402533]
[33.952328, -118.379049]
[34.040009, -118.369617]
[33.947004, -118.386437]
[33.943894, -118.405023]
[37.614787, -122.386638]
[33.941357, -118.40709]
[33.946289, -118.384586]
[37.618651, -122.381001]
[33.944811, -118.374488]
[33.939799, -118.405572]
[33.943999, -118.402533]
[33.943894, -118.405023]
[34.157347, -118.631759]
[33.943894, -118.405023]
[37.618651, -122.381001]
[38.693532, -121.586957]
[38.692276, -121.590457]
[33.940563, -118.40684]
[33.944984, -118.374258]
[38.692276, -121.590457]
[33.943999, -118.402533]
[33.940492, -118.406817]
[33.943894, -118.405023]
[33.943342, -118.4009]
[33.94319, -118.400209]
[34.048434, -118.25191]
[33.943894, -118.405023]
[37.484123, -119.962951]
[37.618651, -122.381001]
[33.943894, -118.405023]
[37.618651, -122.381001]
[33.943894, -118.405023]
[33.943894, -118.405023]
[34.164712, -118.373026]
[33.943373, -118.399363]
[33.947542, -118.401246]
[33.940227, -118.406644]
[33.980013, -118.465107]
[37.620025, -122.388114]
[33.943894, -118.405023]
[33.947314, -118.401271]
[37.618651, -122.381001]
[33.943894, -118.405023]
[38.692276, -121.590457]
[33.944984, -118.374258]
[38.692276, -121.590457]
[33.94116, -118.399553]
[33.943999, -118.402533]
[34.229956, -118.51078]
[37.618651, -122.381001]
[37.618651, -122.381001]
[33.943999, -118.402533]
[38.692276, -121.590457]
[34.165162, -118.35635]
[33.943894, -118.405023]
[33.943894, -118.405023]
[37.618651, -122.381001]
[37.618651, -122.381001]
[37.618651, -122.381001]
[33.94111, -118.403907]
[34.165152, -118.356356]
[33.941123, -118.397971]
[34.165153, -118.356359]
[33.943999, -118.402533]
[33.943999, -118.402533]
[33.943894, -118.405023]
[34.165156, -118.356364]
[33.940735, -118.407717]
[33.943999, -118.402533]
[38.692276, -121.590457]
[34.000276, -118.455421]
[33.943999, -118.402533]
[37.618651, -122.381001]
[34.166169, -118.375584]
[37.617658, -122.387521]
[37.618651, -122.381001]
[33.94204, -118.399526]
[37.617416, -122.389538]
[33.936142, -118.393723]
[33.941784, -118.393993]
[37.618651, -122.381001]
[37.614787, -122.386638]
[33.937156, -118.421273]
[33.943894, -118.405023]
[33.943894, -118.405023]
[33.946688, -118.407013]
[33.943894, -118.405023]
[33.940801, -118.404122]
[33.943897, -118.407183]
[37.618651, -122.381001]
[37.618651, -122.381001]
[33.943999, -118.402533]
[37.618922, -122.382741]
[34.295118, -118.417119]
[38.689317, -121.595855]
[33.943894, -118.405023]
[34.076735, -118.278053]
[36.456368, -116.866151]
[37.716667, -122.283333]
[33.942176, -118.399906]
[33.943999, -118.402533]
[37.618651, -122.381001]
[33.943894, -118.405023]
[33.783293, -118.25987]
[33.942158, -118.399869]
[33.942793, -118.402625]
[33.943894, -118.405023]
[34.09233, -118.309855]
[33.943894, -118.405023]
[34.063247, -118.287907]
[33.945991, -118.381744]
[37.618651, -122.381001]
[37.211648, -121.72469]
[33.943999, -118.402533]
[37.618286, -122.392408]
[37.618651, -122.381001]
[33.943999, -118.402533]
[37.618651, -122.381001]
[33.9611, -118.375]
[33.943894, -118.405023]
[33.943999, -118.402533]
[34.171233, -118.286449]
[33.943894, -118.405023]
[37.618651, -122.381001]
[33.943999, -118.402533]
[33.943999, -118.402533]
[33.943894, -118.405023]
[33.943999, -118.402533]
[33.944984, -118.374258]
[33.938679, -118.40983]
[33.939617, -118.409482]
[33.943999, -118.402533]
[33.946427, -118.407825]
[38.692276, -121.590457]
[32.734979, -117.194583]
[34.117096, -118.305496]
[34.02494, -118.411066]
[33.941469, -118.399639]
[37.618651, -122.381001]
[37.698567, -121.845122]
[33.943894, -118.405023]
[37.618651, -122.381001]
[33.943894, -118.405023]
[37.618651, -122.381001]
[33.941355, -118.406997]
[33.943999, -118.402533]
[33.981141, -117.640276]
[33.950677, -118.408828]
[33.943894, -118.405023]
[33.943999, -118.402533]
[33.943894, -118.405023]
[34.209058, -118.388775]
[34.047787, -118.249748]
[33.943894, -118.405023]
[34.045621, -118.258456]
[33.943894, -118.405023]
[33.94023, -118.39785]
[33.944984, -118.374258]
[33.943894, -118.405023]
[33.943894, -118.405023]
[33.947359, -118.401314]
[39.197713, -120.23224]
[33.943894, -118.405023]
[39.518239, -121.192585]
[33.943894, -118.405023]
[37.620451, -122.386688]
[33.943894, -118.405023]
[34.150482, -118.274334]
[33.9439, -118.405]
[33.963972, -118.302897]
[34.112316, -118.254816]
[37.618651, -122.381001]
[33.953349, -118.396964]
[33.936006, -118.400188]
[33.953349, -118.396964]
[33.943894, -118.405023]
[37.618651, -122.381001]
[33.941357, -118.406617]
[37.618651, -122.381001]
[33.942151, -118.401148]
[33.943894, -118.405023]
[33.729171, -118.287419]
[33.943894, -118.405023]
[33.943894, -118.405023]
[33.943894, -118.405023]
[33.94117, -118.410133]
[37.618651, -122.381001]
[37.617885, -122.38971]
[37.618651, -122.381001]
[33.943894, -118.405023]
[33.943999, -118.402533]
[33.931404, -118.379109]
[34.046191, -118.251612]
[33.105517, -117.04569]
[37.618651, -122.381001]
[37.618651, -122.381001]
[37.61386, -122.389652]
[37.617924, -122.391261]
[37.618651, -122.381001]
[37.618651, -122.381001]
[37.618651, -122.381001]
[34.097252, -118.341072]
[33.939925, -118.264947]
[33.943894, -118.405023]
[37.626236, -122.39917]
[37.619077, -122.384391]
[33.938569, -118.418484]
[33.943264, -118.402583]
[37.618651, -122.381001]
[34.098313, -118.313336]
[33.950871, -118.256772]
[33.943894, -118.405023]
[37.619084, -122.384375]
[33.946562, -118.407451]
[33.943894, -118.405023]
[33.939109, -118.398688]
[34.048834, -118.258833]
[33.941152, -118.404441]
[37.619116, -122.384357]
[37.02683, -121.641503]
[33.943999, -118.402533]
[33.943886, -118.408664]
[37.618132, -122.38782]
[33.880373, -118.290294]
[34.044466, -118.263863]
[34.128721, -118.346765]
[33.943894, -118.405023]
[37.615733, -122.390069]
[34.167892, -118.402963]
[33.946315, -118.407543]
[33.943418, -118.408803]
[33.94727, -118.403909]
[37.619982, -122.385187]
[34.192009, -118.64521]
[33.943894, -118.405023]
[33.940616, -118.402441]
[33.943894, -118.405023]
[37.618651, -122.381001]
[39.951976, -120.96643]
[33.940907, -118.405912]
[34.101504, -118.370073]
[33.940463, -118.404192]
[34.201659, -118.23746]
[38.966832, -123.11684]
[34.137597, -118.21077]
